#id x y
1 10.00 90.00 
2 30.00 90.00 
3 40.00 90.00 
4 60.00 90.00 
5 70.00 90.00 
6 90.00 90.00 
7 20.00 80.00 
8 50.00 80.00 
9 80.00 80.00 
10 10.00 70.00 
11 30.00 70.00 
12 40.00 70.00 
13 60.00 70.00 
14 70.00 70.00 
15 90.00 70.00 
16 10.00 60.00 
17 30.00 60.00 
18 40.00 60.00 
19 60.00 60.00 
20 70.00 60.00 
21 90.00 60.00 
22 20.00 50.00 
23 50.00 50.00 
24 80.00 50.00 
25 10.00 40.00 
26 30.00 40.00 
27 40.00 40.00 
28 60.00 40.00 
29 70.00 40.00 
30 90.00 40.00 
31 10.00 30.00 
32 30.00 30.00 
33 40.00 30.00 
34 60.00 30.00 
35 70.00 30.00 
36 90.00 30.00 
37 20.00 20.00 
38 50.00 20.00 
39 80.00 20.00 
40 10.00 10.00 
41 30.00 10.00 
42 40.00 10.00 
43 60.00 10.00 
44 70.00 10.00 
45 90.00 10.00 
